0,322
0,502
0,243
0,408
47,35
3,2
3,1
3,3
10,2
10,1
10,3
11,2
11,1
11,3
9,2
9,1
9,3
8,2
8,1
8,3
42,29
42,28
42,27
42,26
42,25
42,24
42,23
42,22
42,21
42,20
42,19
42,18
42,17
42,16
42,15
42,14
42,13
42,12
42,11
42,10
42,9
42,8
42,7
42,6
42,5
42,4
42,3
42,2
42,1
42,0
38,20
38,19
38,18
38,17
38,16
38,15
38,14
38,13
38,12
38,11
38,10
38,9
38,8
38,7
38,6
38,5
38,4
38,3
38,2
38,1
38,0
37,3
37,1
36,10
36,9
36,8
36,7
36,6
14,1
36,5
14,3
13,1
36,4
36,3
13,3
36,2
36,1
36,0
35,3
35,1
20,3
20,2
20,1
19,3
2,2
19,2
2,1
19,1
2,3
18,3
18,1
12,3
12,2
12,1
0,0
47,34
47,33
47,32
47,31
47,30
